139 391 238 106 450 180 351 465 67424.000000 139 106 450 465
493 383 460 162 792 112 825 333 74928.000000 460 112 825 383
939 328 1012 133 1334 253 1261 448 71552.000000 939 133 1334 448
928 598 726 320 913 185 1115 463 79233.000000 726 185 1115 598
467 627 456 386 798 370 809 611 82422.000000 456 370 809 627
79 463 190 269 482 436 371 630 74928.000000 79 269 482 630
196 858 94 540 321 467 423 785 79492.000000 94 467 423 858
420 856 404 609 729 587 745 834 80522.000000 404 587 745 856
990 729 1139 438 1345 544 1196 835 75864.000000 990 438 1345 835
803 869 726 644 1034 538 1111 763 77588.000000 726 538 1111 869
