321 758 344 518 678 551 655 791 80976.000000 321 518 678 791
63 726 91 394 334 415 306 747 81252.000000 63 394 334 747
94 334 185 104 497 227 406 457 82992.000000 94 104 497 457
603 352 603 112 943 112 943 352 81600.000000 603 112 943 352
440 474 519 253 839 367 760 588 79900.000000 440 253 839 588
820 871 612 599 799 456 1007 728 80948.000000 612 456 1007 871
839 551 793 311 1120 248 1166 488 81252.000000 793 248 1166 551
1231 504 1056 235 1240 115 1415 384 70620.000000 1056 115 1415 504
1035 570 1093 342 1314 399 1256 627 53580.000000 1035 342 1314 627
1177 867 928 645 1096 456 1345 678 84249.000000 928 456 1345 867
