35 459 75 131 314 160 274 488 79200.000000 35 131 314 488
348 488 305 160 543 129 586 457 79440.000000 305 129 586 488
608 475 563 144 797 112 842 443 78824.000000 563 112 842 475
684 533 602 306 913 194 995 421 79771.000000 602 194 995 533
855 471 869 143 1108 154 1094 482 78392.000000 855 143 1108 482
11 841 -8 518 230 504 250 827 77436.000000 -8 504 250 841
303 694 136 524 370 295 537 465 77826.000000 136 295 537 694
330 858 317 521 557 511 570 848 80880.000000 317 511 570 858
640 861 617 531 863 514 886 844 81757.000000 617 514 886 861
945 870 651 776 726 539 1020 633 76632.000000 651 539 1020 870
896 854 858 523 1087 497 1125 828 77154.000000 858 497 1125 854
