141 334 385 101 550 273 306 506 80206.000000 141 101 550 506
525 372 574 142 898 211 849 441 77785.000000 525 142 898 441
810 299 966 123 1209 338 1053 514 76140.000000 810 123 1209 514
711 707 529 444 726 308 908 571 76241.000000 529 308 908 707
1071 421 1234 143 1430 258 1267 536 73416.000000 1071 143 1430 536
55 750 90 418 320 443 285 775 77488.000000 55 418 320 775
524 781 595 557 899 654 828 878 74965.000000 524 557 899 878
414 852 251 691 479 461 642 622 74196.000000 251 461 642 852
853 810 843 482 1074 475 1084 803 76096.000000 843 475 1084 810
1097 801 1061 482 1260 460 1296 779 64200.000000 1061 460 1296 801
