232 681 212 342 453 328 473 667 81940.000000 212 328 473 681
1023 868 1023 625 1281 625 1281 868 62694.000000 1023 625 1281 868
1143 520 1174 179 1310 191 1279 532 46648.000000 1143 179 1310 532
1016 617 947 308 1187 254 1256 563 77736.000000 947 254 1256 617
833 849 681 552 900 440 1052 737 82164.000000 681 440 1052 849
755 507 693 181 932 136 994 462 80433.000000 693 136 994 507
393 370 624 124 798 287 567 533 80543.000000 393 124 798 533
430 717 658 460 843 624 615 881 84721.000000 430 460 843 881
176 824 202 585 543 623 517 862 82663.000000 176 585 543 862
109 449 71 217 404 162 442 394 79195.000000 71 162 442 449
