0 355 -1 123 321 120 323 352 74936.000000 -1 120 323 355
354 354 354 114 678 114 678 354 77760.000000 354 114 678 354
695 354 698 117 1030 121 1027 358 78684.000000 695 117 1030 358
1036 359 1050 121 1369 140 1355 378 75922.000000 1036 121 1369 378
350 602 350 359 689 359 689 602 82377.000000 350 359 689 602
703 606 703 362 1031 362 1031 606 80032.000000 703 362 1031 606
1019 593 1036 363 1338 386 1321 616 69993.000000 1019 363 1338 616
4 841 -2 595 315 586 322 832 78228.000000 -2 586 322 841
339 849 339 611 675 611 675 849 79968.000000 339 611 675 849
676 855 672 609 1003 602 1007 848 81426.000000 672 602 1007 855
1021 861 1015 621 1290 614 1296 854 66000.000000 1015 614 1296 861
