36 464 77 137 315 167 274 494 79200.000000 36 137 315 494
187 403 337 210 602 414 452 607 81740.000000 187 210 602 607
342 469 297 160 535 126 580 435 74880.000000 297 126 580 469
608 476 559 149 799 113 848 440 80433.000000 559 113 848 476
639 379 674 147 1006 198 971 430 78960.000000 639 147 1006 430
857 471 875 135 1110 148 1092 484 79296.000000 857 135 1110 484
12 838 5 507 241 501 248 832 78116.000000 5 501 248 838
331 858 320 519 560 511 571 850 81360.000000 320 511 571 858
639 860 618 530 856 515 877 845 79109.000000 618 515 877 860
639 701 769 403 992 500 862 798 79300.000000 639 403 992 798
892 849 859 520 1097 496 1130 825 79440.000000 859 496 1130 849
