202 855 202 617 538 617 538 855 79968.000000 202 617 538 855
654 839 671 595 1013 618 996 862 83692.000000 654 595 1013 862
179 356 205 113 536 149 510 392 81252.000000 179 113 536 392
553 361 553 111 886 111 886 361 83250.000000 553 111 886 361
193 736 63 537 344 353 474 552 79968.000000 63 353 474 736
1006 740 1087 519 1379 625 1298 846 73085.000000 1006 519 1379 846
594 708 353 473 523 299 764 534 81891.000000 353 299 764 708
668 486 922 279 1079 471 825 678 81344.000000 668 279 1079 678
1029 459 908 254 1180 94 1301 299 74970.000000 908 94 1301 459
1009 648 1098 331 1324 395 1235 712 77550.000000 1009 331 1324 712
