113 344 191 125 488 231 410 450 73312.000000 113 125 488 450
338 448 322 215 649 193 665 426 76752.000000 322 193 665 448
700 527 588 223 801 144 913 448 73548.000000 588 144 913 527
753 338 818 118 1132 211 1067 431 74883.000000 753 118 1132 431
1047 440 1166 128 1376 207 1257 519 74816.000000 1047 128 1376 519
528 722 518 497 857 483 867 708 76275.000000 518 483 867 722
41 660 184 361 390 459 247 758 75468.000000 41 361 390 758
384 839 252 528 463 438 595 749 77510.000000 252 438 595 839
791 673 914 469 1190 636 1067 840 76636.000000 791 469 1190 840
1168 763 1138 461 1287 446 1317 748 45450.000000 1138 446 1317 763
