713 688 675 441 1000 391 1038 638 82000.000000 675 391 1038 688
509 811 524 568 852 588 837 831 79704.000000 509 568 852 831
172 763 103 430 341 380 410 713 82620.000000 103 380 410 763
179 818 188 589 520 603 511 832 76257.000000 179 589 520 832
556 486 522 139 765 115 799 462 85156.000000 522 115 799 486
826 442 814 120 1061 111 1073 433 79856.000000 814 111 1073 442
137 344 216 117 536 229 457 456 81699.000000 137 117 536 456
301 606 368 270 604 317 537 653 82080.000000 301 270 604 653
1030 740 1110 510 1359 597 1279 827 64152.000000 1030 510 1359 827
1040 405 1157 191 1409 328 1292 542 70028.000000 1040 191 1409 542
