85 301 251 123 484 340 318 518 77592.000000 85 123 484 518
339 417 370 182 692 224 661 459 76788.000000 339 182 692 459
760 344 822 128 1139 219 1077 435 74250.000000 760 128 1139 435
720 514 593 211 803 123 930 426 74784.000000 593 123 930 514
1103 512 1122 197 1294 207 1275 522 54352.000000 1103 197 1294 522
-25 673 130 391 329 502 173 784 73416.000000 -25 391 329 784
220 762 269 528 585 595 536 829 77520.000000 220 528 585 829
697 674 770 444 1086 545 1013 775 79771.000000 697 444 1086 775
464 587 591 400 863 586 736 773 74580.000000 464 400 863 773
1001 759 1072 531 1340 614 1269 842 66878.000000 1001 531 1340 842
