73 707 221 411 452 528 304 824 85729.000000 73 411 452 824
748 575 769 336 1099 364 1078 603 79680.000000 748 336 1099 603
595 330 693 106 998 239 900 463 81008.000000 595 106 998 463
123 476 183 151 422 195 362 520 80433.000000 123 151 422 520
481 526 336 211 558 109 703 424 84424.000000 336 109 703 526
924 447 1036 130 1263 210 1151 527 80640.000000 924 130 1263 527
855 869 802 631 1118 560 1171 798 79056.000000 802 560 1171 869
327 689 456 490 742 674 613 873 80580.000000 327 490 742 873
676 789 566 471 797 392 907 710 82228.000000 566 392 907 789
1105 704 1159 390 1328 419 1274 733 54868.000000 1105 390 1328 733
