958 875 958 658 1280 658 1280 875 69874.000000 958 658 1280 875
507 809 564 575 900 656 843 890 83386.000000 507 575 900 890
1153 501 1185 172 1320 186 1288 515 45016.000000 1153 172 1320 515
1039 695 1099 462 1342 524 1282 757 60491.000000 1039 462 1342 757
684 538 866 382 1079 629 897 785 78240.000000 684 382 1079 785
838 379 885 146 1207 210 1160 443 78064.000000 838 146 1207 443
468 446 448 203 779 177 799 420 81008.000000 448 177 799 446
408 792 207 661 385 387 586 518 78480.000000 207 387 586 792
192 757 23 587 257 354 426 524 79200.000000 23 354 426 757
173 347 227 119 550 196 496 424 78020.000000 173 119 550 424
