964 876 964 639 1284 639 1284 876 75840.000000 964 639 1284 876
311 747 338 408 584 428 557 767 83980.000000 311 408 584 767
519 820 574 573 906 647 851 894 86020.000000 519 573 906 894
700 706 662 377 899 349 937 678 79109.000000 662 349 937 706
1172 430 1172 192 1308 192 1308 430 32368.000000 1172 192 1308 430
1027 675 978 440 1284 376 1333 611 74880.000000 978 376 1333 675
929 532 853 208 1082 155 1158 479 78255.000000 853 155 1158 532
537 393 537 149 877 149 877 393 82960.000000 537 149 877 393
175 801 -22 664 170 384 368 521 81600.000000 -22 384 368 801
367 532 232 243 452 139 587 428 77517.000000 232 139 587 532
