241 427 285 105 522 138 478 460 78000.000000 241 105 522 460
44 549 1 315 323 256 366 490 77826.000000 1 256 366 549
171 745 95 523 412 414 488 636 78624.000000 95 414 488 745
194 869 180 646 509 626 523 849 73590.000000 180 626 523 869
520 611 382 417 645 230 783 424 76874.000000 382 230 783 611
441 605 641 465 830 734 630 874 80032.000000 441 465 830 874
1020 746 777 768 747 437 990 415 81008.000000 747 415 1020 768
955 293 1122 123 1352 350 1185 520 76874.000000 955 123 1352 520
652 212 870 119 1001 423 783 516 78447.000000 652 119 1001 516
1039 755 1032 524 1304 516 1311 747 62832.000000 1032 516 1311 755
