105 368 130 119 458 151 433 400 82500.000000 105 119 458 400
569 344 565 110 908 105 912 339 80262.000000 565 105 912 344
133 751 74 408 312 368 371 711 83868.000000 74 368 371 751
289 802 267 560 602 529 624 771 81891.000000 267 529 624 802
414 454 542 240 831 413 703 627 84250.000000 414 240 831 627
866 781 920 531 1241 600 1187 850 83968.000000 866 531 1241 850
697 858 591 645 886 499 992 712 78540.000000 591 499 992 858
960 654 746 405 925 251 1139 500 77408.000000 746 251 1139 654
1012 324 1099 113 1375 227 1288 438 68471.000000 1012 113 1375 438
1014 671 1084 326 1317 374 1247 719 83776.000000 1014 326 1317 719
