95 364 144 135 472 205 423 434 78960.000000 95 135 472 434
179 825 206 584 540 622 513 863 81648.000000 179 584 540 863
514 460 514 118 758 118 758 460 83448.000000 514 118 758 460
833 435 816 123 1054 110 1071 422 74494.000000 816 110 1071 435
247 706 308 365 552 409 491 750 85808.000000 247 365 552 750
541 666 417 344 652 253 776 575 86940.000000 417 253 776 666
584 778 652 547 967 639 899 870 79048.000000 584 547 967 870
962 710 759 457 955 299 1158 552 81900.000000 759 299 1158 710
1029 735 1118 507 1368 604 1279 832 65392.000000 1029 507 1368 832
1290 536 1047 392 1169 185 1412 329 67680.000000 1047 185 1412 536
