44 336 80 99 415 151 379 388 81360.000000 44 99 415 388
163 805 186 562 524 594 501 837 82716.000000 163 562 524 837
508 800 533 564 865 599 840 835 79254.000000 508 564 865 835
964 784 964 550 1286 550 1286 784 75348.000000 964 550 1286 784
530 464 589 138 825 181 766 507 79440.000000 530 138 825 507
633 581 729 355 1030 482 934 708 80196.000000 633 355 1030 708
1014 346 1051 108 1371 157 1334 395 78084.000000 1014 108 1371 395
915 483 787 186 1004 92 1132 389 76464.000000 787 92 1132 483
153 479 379 229 558 390 332 640 81217.000000 153 229 558 640
1129 570 1150 388 1300 405 1279 587 27600.000000 1129 388 1300 587
