309 352 309 123 631 123 631 352 73738.000000 309 123 631 352
104 619 104 294 350 294 350 619 79950.000000 104 294 350 619
277 408 423 231 690 451 544 628 79234.000000 277 231 690 628
832 435 543 343 615 118 904 210 71744.000000 543 118 904 435
932 572 723 326 905 171 1114 417 76958.000000 723 171 1114 572
982 382 982 145 1282 145 1282 382 71100.000000 982 145 1282 382
184 860 177 628 517 617 524 849 78880.000000 177 617 524 860
751 739 794 505 1116 564 1073 798 77826.000000 751 505 1116 798
447 595 640 462 824 732 631 865 76518.000000 447 462 824 865
1056 818 1009 488 1237 455 1284 785 76923.000000 1009 455 1284 818
