133 313 266 114 524 288 391 487 74640.000000 133 114 524 487
411 433 395 202 726 178 742 409 77024.000000 395 178 742 433
666 340 753 125 1061 249 974 464 77024.000000 666 125 1061 464
1103 512 1130 197 1310 213 1283 528 57196.000000 1103 197 1310 528
834 468 902 252 1211 349 1143 565 73224.000000 834 252 1211 565
220 762 265 529 579 591 534 824 76160.000000 220 529 579 824
-25 667 131 388 333 502 176 781 74472.000000 -25 388 333 781
461 592 590 396 866 577 737 773 77550.000000 461 396 866 773
792 679 923 484 1197 668 1066 863 77550.000000 792 484 1197 863
999 765 1056 538 1334 608 1277 835 67158.000000 999 538 1334 835
