172 353 265 134 551 256 458 475 74018.000000 172 134 551 475
559 348 569 114 896 127 886 361 76518.000000 559 114 896 361
929 342 1015 137 1316 263 1230 468 72594.000000 929 137 1316 468
71 771 10 452 238 408 299 727 75400.000000 10 408 299 771
369 811 315 485 552 446 606 772 79200.000000 315 446 606 811
659 710 477 433 670 305 852 582 76792.000000 477 305 852 710
730 798 706 481 935 463 959 780 73140.000000 706 463 959 798
797 649 892 437 1188 570 1093 782 75168.000000 797 437 1188 782
1092 860 1052 629 1285 589 1325 820 55460.000000 1052 589 1325 860
1048 519 1102 343 1325 410 1271 586 42872.000000 1048 343 1325 586
