229 341 238 97 568 110 559 354 80520.000000 229 97 568 354
84 539 38 306 363 242 409 475 79016.000000 38 242 409 539
356 427 448 204 749 328 657 551 78566.000000 356 204 749 551
782 521 648 213 871 116 1005 424 81648.000000 648 116 1005 521
86 621 202 417 489 580 373 784 77550.000000 86 417 489 784
192 860 192 616 527 617 527 861 81740.000000 192 616 527 861
636 876 445 601 635 469 826 744 77154.000000 445 469 826 876
675 778 651 540 978 507 1002 745 78720.000000 651 507 1002 778
954 298 1117 126 1353 349 1190 521 76788.000000 954 126 1353 521
1043 756 1033 525 1332 511 1342 742 69300.000000 1033 511 1342 756
