354 487 316 161 549 134 587 460 77080.000000 316 134 587 487
573 413 587 179 928 200 914 434 80370.000000 573 179 928 434
27 326 242 100 418 269 203 495 76128.000000 27 100 418 495
40 774 23 445 261 433 278 762 78540.000000 23 433 278 774
417 814 338 600 644 487 723 701 74556.000000 338 487 723 814
758 717 627 525 895 342 1026 534 75168.000000 627 342 1026 717
844 839 860 606 1175 628 1159 861 73944.000000 844 606 1175 861
939 340 1182 138 1336 323 1093 525 75840.000000 939 138 1336 525
1049 522 1107 310 1338 373 1280 585 52800.000000 1049 310 1338 585
1008 785 1048 565 1331 616 1291 836 64001.000000 1008 565 1331 836
