201 348 201 107 527 107 527 348 78566.000000 201 107 527 348
186 763 216 521 549 562 519 804 81984.000000 186 521 549 804
391 725 153 775 84 446 322 396 81984.000000 84 396 391 775
569 598 392 431 622 187 799 354 81405.000000 392 187 799 598
589 709 600 375 838 382 827 716 79492.000000 589 375 838 716
496 773 554 533 883 614 825 854 83733.000000 496 533 883 854
1045 505 977 284 1264 196 1332 417 69600.000000 977 196 1332 505
755 377 868 162 1168 320 1055 535 82716.000000 755 162 1168 535
966 769 797 601 1027 370 1196 538 77588.000000 797 370 1196 769
1145 856 989 678 1238 459 1394 637 78684.000000 989 459 1394 856
