88 297 204 85 495 244 379 456 80012.000000 88 85 495 456
465 419 475 178 806 192 796 433 80012.000000 465 178 806 433
705 325 805 112 1098 250 998 463 76140.000000 705 112 1098 463
1100 479 1033 154 1249 110 1316 435 72820.000000 1033 110 1316 479
232 756 35 480 227 343 424 619 80004.000000 35 343 424 756
166 799 201 558 529 606 494 847 80676.000000 166 558 529 847
430 619 393 381 721 330 758 568 79680.000000 393 330 758 619
443 639 590 455 850 662 703 846 78020.000000 443 455 850 846
1210 568 1009 685 845 403 1046 286 75632.000000 845 286 1210 685
1334 749 1140 723 1183 404 1377 430 63112.000000 1140 404 1377 749
867 880 686 730 900 471 1081 621 78960.000000 686 471 1081 880
