301 817 329 578 670 618 642 857 82904.000000 301 578 670 857
31 604 275 372 440 547 196 779 80880.000000 31 372 440 779
618 876 483 663 773 479 908 692 87032.000000 483 479 908 876
399 535 381 301 712 276 730 510 78020.000000 381 276 730 535
119 327 376 96 536 274 279 505 83040.000000 119 96 536 505
734 390 734 140 1065 140 1065 390 82750.000000 734 140 1065 390
764 762 813 438 1057 475 1008 799 81016.000000 764 438 1057 799
1034 869 1034 607 1280 607 1280 869 64452.000000 1034 607 1280 869
1105 701 899 439 1088 290 1294 552 79920.000000 899 290 1294 701
1142 506 1174 181 1319 195 1287 520 47742.000000 1142 181 1319 520
