414 313 514 102 807 240 707 451 75816.000000 414 102 807 451
206 538 78 346 351 165 479 357 75537.000000 78 165 479 538
770 303 935 121 1183 344 1018 526 81918.000000 770 121 1183 526
989 374 1104 169 1382 325 1267 530 74730.000000 989 169 1382 530
484 604 520 372 849 423 813 655 78020.000000 484 372 849 655
170 619 142 411 469 366 497 574 69300.000000 142 366 497 619
204 838 103 529 321 457 422 766 74750.000000 103 457 422 838
448 843 448 530 688 530 688 843 75120.000000 448 530 688 843
711 691 907 421 1104 564 908 834 81162.000000 711 421 1104 834
984 756 1045 527 1333 605 1272 834 70626.000000 984 527 1333 834
