102 450 73 201 411 163 440 412 85000.000000 73 163 440 450
185 823 215 581 548 622 518 864 81740.000000 185 581 548 864
177 705 125 425 364 382 416 662 69255.000000 125 382 416 705
512 483 401 266 699 112 810 329 81740.000000 401 112 810 483
467 625 486 385 816 412 797 652 79771.000000 467 385 816 652
589 881 465 670 734 512 858 723 76128.000000 465 512 858 881
964 760 964 510 1268 510 1268 760 76000.000000 964 510 1268 760
781 749 816 421 1066 448 1031 776 83160.000000 781 421 1066 776
830 373 861 131 1195 174 1164 416 82228.000000 830 131 1195 416
1114 609 1022 392 1279 282 1371 499 65800.000000 1022 282 1371 609
