43 546 1 312 328 253 370 487 79016.000000 1 253 370 546
327 170 561 111 640 429 406 488 79048.000000 327 111 640 488
529 339 606 112 916 218 839 445 78720.000000 529 112 916 445
726 331 896 164 1123 396 953 563 77112.000000 726 164 1123 563
985 384 985 152 1301 152 1301 384 73312.000000 985 152 1301 384
293 733 174 530 456 364 575 567 77080.000000 174 364 575 733
193 865 183 624 518 610 528 851 80735.000000 183 610 528 865
625 870 449 597 646 469 822 742 76375.000000 449 469 822 870
748 794 724 464 963 447 987 777 79440.000000 724 447 987 794
1062 822 997 497 1225 451 1290 776 76792.000000 997 451 1290 822
