72 335 127 101 447 176 392 410 78720.000000 72 101 447 410
578 522 389 373 595 113 784 262 80012.000000 389 113 784 522
757 568 647 250 874 171 984 489 80640.000000 647 171 984 568
783 529 780 280 1116 276 1119 525 83664.000000 780 276 1119 529
1162 642 1093 319 1299 275 1368 598 69841.000000 1093 275 1368 642
37 441 216 239 378 382 199 584 58320.000000 37 239 378 584
98 823 98 516 334 516 334 823 72452.000000 98 516 334 823
415 820 259 645 510 421 666 596 78960.000000 259 421 666 820
504 787 550 552 887 618 841 853 82320.000000 504 552 887 853
879 842 768 628 1062 477 1173 691 79771.000000 768 477 1173 842
1003 800 1045 564 1332 615 1290 851 70080.000000 1003 564 1332 851
