920 848 934 601 1257 619 1243 866 79781.000000 920 601 1257 866
255 503 137 197 364 110 482 416 79704.000000 137 110 482 503
297 786 365 551 690 645 622 880 82716.000000 297 551 690 880
3 688 180 419 376 549 199 818 75670.000000 3 419 376 818
488 571 458 235 709 212 739 548 84924.000000 458 212 739 571
623 622 781 436 1042 659 884 845 83692.000000 623 436 1042 845
634 312 751 108 1061 285 944 489 83895.000000 634 108 1061 489
1032 343 1092 113 1337 176 1277 406 59961.000000 1032 113 1337 406
864 517 1056 276 1231 416 1039 657 69216.000000 864 276 1231 657
1124 724 1149 391 1389 409 1364 742 80494.000000 1124 391 1389 742
