117 423 51 185 372 96 438 334 82251.000000 51 96 438 423
158 710 94 474 421 385 485 621 82716.000000 94 385 485 710
186 823 211 588 541 624 516 859 78684.000000 186 588 541 859
612 853 599 522 851 512 864 843 83412.000000 599 512 864 853
483 361 512 128 844 170 815 403 78390.000000 483 128 844 403
540 599 459 366 773 258 854 491 82004.000000 459 258 854 599
939 722 783 526 1030 331 1186 527 78750.000000 783 331 1186 722
831 442 831 117 1069 117 1069 442 77350.000000 831 117 1069 442
1039 400 1160 185 1402 321 1281 536 68666.000000 1039 185 1402 536
1019 739 1097 509 1362 598 1284 828 68040.000000 1019 509 1362 828
