145 349 145 108 475 108 475 349 79530.000000 145 108 475 349
459 342 519 109 824 187 764 420 75915.000000 459 109 824 420
718 348 948 118 1115 285 885 515 76700.000000 718 118 1115 515
192 625 235 324 469 358 426 659 71744.000000 192 324 469 659
474 557 525 353 847 434 796 638 70052.000000 474 353 847 638
1032 532 977 310 1275 237 1330 459 70303.000000 977 237 1330 532
192 853 104 540 335 474 423 787 78000.000000 104 474 423 853
477 862 428 550 658 513 707 825 73628.000000 428 513 707 862
740 688 961 442 1139 601 918 847 78778.000000 740 442 1139 847
1072 865 1072 531 1283 531 1283 865 70474.000000 1072 531 1283 865
