167 803 190 560 520 590 497 833 80764.000000 167 560 520 833
742 758 912 457 1121 575 951 876 83040.000000 742 457 1121 876
451 814 483 558 808 599 776 855 84366.000000 451 558 808 855
68 449 108 208 427 260 387 501 78812.000000 68 208 427 501
841 545 752 220 980 158 1069 483 79532.000000 752 158 1069 545
410 458 327 239 647 119 730 338 80028.000000 327 119 730 458
379 618 351 376 602 347 630 589 61732.000000 351 347 630 618
997 532 1117 209 1352 297 1232 620 86595.000000 997 209 1352 620
753 710 520 484 682 317 915 543 75400.000000 520 317 915 710
1106 729 1106 443 1286 443 1286 729 51480.000000 1106 443 1286 729
