403 463 174 242 332 78 561 299 72732.000000 174 78 561 463
485 435 553 118 780 166 712 483 75168.000000 485 118 780 483
937 559 790 259 1002 156 1149 456 78824.000000 790 156 1149 559
177 620 148 387 470 347 499 580 76140.000000 148 347 499 620
208 849 73 653 337 472 472 668 76160.000000 73 472 472 849
1036 482 1068 161 1307 185 1275 506 77280.000000 1036 161 1307 506
1121 768 1139 446 1306 455 1288 777 54096.000000 1121 446 1306 777
697 669 907 414 1092 566 882 821 78870.000000 697 414 1092 821
532 837 338 584 531 436 725 689 77836.000000 338 436 725 837
715 625 536 457 700 282 879 450 59040.000000 536 282 879 625
