547 432 528 182 860 157 879 407 83000.000000 528 157 879 432
881 436 850 197 1178 155 1209 394 79530.000000 850 155 1209 436
689 625 714 385 1044 420 1019 660 80012.000000 689 385 1044 660
1079 845 1079 607 1287 607 1287 845 49504.000000 1079 607 1287 845
191 842 208 595 526 617 509 864 78793.000000 191 595 526 864
691 869 637 650 968 568 1022 787 76500.000000 637 568 1022 869
555 838 404 520 624 415 775 733 85888.000000 404 415 775 838
1011 649 1089 334 1310 388 1232 703 73775.000000 1011 334 1310 703
127 639 217 308 448 372 358 703 82320.000000 127 308 448 703
342 498 149 264 337 109 530 343 74176.000000 149 109 530 498
