959 877 959 637 1282 637 1282 877 77520.000000 959 637 1282 877
513 818 582 565 910 655 841 908 89080.000000 513 565 910 908
-42 631 218 418 370 604 109 817 80880.000000 -42 418 370 817
307 711 378 378 620 430 549 763 84320.000000 307 378 620 763
228 393 244 159 559 180 543 414 74025.000000 228 159 559 414
538 392 538 148 874 148 874 392 81984.000000 538 148 874 392
1173 453 1173 189 1285 189 1285 453 29568.000000 1173 189 1285 453
1033 549 1171 348 1420 520 1282 721 73932.000000 1033 348 1420 721
706 611 738 379 1063 424 1031 656 77080.000000 706 379 1063 656
930 531 853 203 1079 150 1156 478 78184.000000 853 150 1156 531
