38 446 62 120 297 137 273 463 77172.000000 38 120 297 463
322 483 333 158 573 166 562 491 78000.000000 322 158 573 491
604 472 604 136 844 136 844 472 80640.000000 604 136 844 472
864 480 864 152 1104 152 1104 480 78720.000000 864 152 1104 480
1120 480 1120 162 1288 162 1288 480 53424.000000 1120 162 1288 480
31 814 45 479 280 489 266 824 78960.000000 31 479 280 824
323 854 316 518 562 513 569 849 82656.000000 316 513 569 854
627 853 620 525 860 520 867 848 78720.000000 620 520 867 853
871 831 877 498 1116 502 1110 835 79587.000000 871 498 1116 835
1102 825 1121 507 1307 518 1288 836 59334.000000 1102 507 1307 836
