99 444 9 231 314 103 404 316 76792.000000 9 103 404 444
275 345 397 135 684 302 562 512 80676.000000 275 135 684 512
480 283 661 120 883 366 702 529 80676.000000 480 120 883 529
920 520 770 222 983 115 1133 413 79826.000000 770 115 1133 520
967 337 1056 129 1360 258 1271 466 74580.000000 967 129 1360 466
250 748 90 448 305 333 465 633 82960.000000 90 333 465 748
264 852 207 621 529 541 586 772 79016.000000 207 541 586 852
447 710 662 454 848 611 633 867 81162.000000 447 454 848 867
804 653 887 423 1193 534 1110 764 79544.000000 804 423 1193 764
866 883 685 728 867 516 1048 671 66402.000000 685 516 1048 883
1138 723 1176 394 1335 412 1297 741 52960.000000 1138 394 1335 741
