187 459 74 246 366 92 479 305 79530.000000 74 92 479 459
519 426 456 204 758 119 821 341 72303.000000 456 119 821 426
922 315 1043 124 1323 300 1202 491 74806.000000 922 124 1323 491
930 589 731 321 907 190 1106 458 73146.000000 731 190 1106 589
223 643 206 338 430 326 447 631 68544.000000 206 326 447 643
106 543 320 475 417 780 203 848 72000.000000 106 475 417 848
411 858 396 618 722 597 737 837 78807.000000 396 597 737 858
867 853 767 640 1068 498 1168 711 78020.000000 767 498 1168 853
453 545 532 333 852 452 773 664 77292.000000 453 333 852 664
1070 859 1070 529 1277 529 1277 859 68310.000000 1070 529 1277 859
