165 363 255 133 562 254 472 484 81510.000000 165 133 562 484
530 345 602 121 909 218 837 442 75670.000000 530 121 909 442
914 341 990 125 1299 234 1223 450 75112.000000 914 125 1299 450
1053 286 1270 221 1338 447 1121 512 53336.000000 1053 221 1338 512
80 690 104 369 333 385 309 706 74060.000000 80 369 333 706
371 811 321 485 562 448 612 774 80520.000000 321 448 612 811
851 585 530 628 498 390 819 347 77760.000000 498 347 851 628
733 796 709 481 944 463 968 778 74576.000000 709 463 968 796
1117 790 866 584 1010 407 1261 613 74100.000000 866 407 1261 790
1080 807 1113 602 1323 636 1290 841 44304.000000 1080 602 1323 841
