117 103 343 183 232 496 6 416 79680.000000 6 103 343 496
278 360 387 141 681 287 572 506 80032.000000 278 141 681 506
647 490 666 157 912 171 893 504 82164.000000 647 157 912 504
899 325 1025 123 1310 300 1184 502 79968.000000 899 123 1310 502
1272 569 1052 472 1183 176 1403 273 78084.000000 1052 176 1403 569
18 716 39 473 365 501 344 744 79788.000000 18 473 365 744
343 751 392 415 630 450 581 786 81600.000000 343 415 630 786
494 774 552 543 881 625 823 856 80920.000000 494 543 881 856
826 792 770 558 1093 481 1149 715 80012.000000 770 481 1149 792
1150 855 992 677 1217 478 1375 656 71400.000000 992 478 1375 855
