245 380 224 141 560 113 581 352 80880.000000 224 113 581 380
75 557 167 221 406 286 314 622 85956.000000 75 221 406 622
510 420 572 111 809 159 747 468 75915.000000 510 111 809 468
496 590 496 364 835 364 835 590 76614.000000 496 364 835 590
928 600 728 333 917 191 1117 458 78824.000000 728 191 1117 600
1161 560 977 299 1164 167 1348 428 72732.000000 977 167 1348 560
195 868 183 629 516 613 528 852 79920.000000 183 613 528 868
542 860 404 559 619 461 757 762 78116.000000 404 461 757 860
697 677 957 497 1088 688 828 868 73312.000000 697 497 1088 868
983 719 1139 441 1344 556 1188 834 74965.000000 983 441 1344 834
