82 346 119 108 439 159 402 397 78084.000000 82 108 439 397
545 476 408 274 676 93 813 295 79056.000000 408 93 813 476
66 710 46 380 289 365 309 695 80764.000000 46 365 309 710
270 728 381 410 607 489 496 807 80543.000000 270 410 607 807
606 583 653 260 889 294 842 617 78153.000000 606 260 889 617
499 778 552 541 876 613 823 850 80676.000000 499 541 876 850
1129 484 997 286 1262 109 1394 307 75922.000000 997 109 1394 484
853 324 1044 184 1242 455 1051 595 79632.000000 853 184 1242 595
827 790 776 553 1100 483 1151 720 80676.000000 776 483 1151 790
1150 858 990 679 1237 457 1397 636 79680.000000 990 457 1397 858
