88 377 88 145 440 145 440 377 81664.000000 88 145 440 377
190 837 207 597 537 620 520 860 79530.000000 190 597 537 860
1036 871 1020 640 1275 622 1291 853 59392.000000 1020 622 1291 871
802 790 790 459 1029 451 1041 782 79440.000000 790 451 1041 790
227 754 57 571 300 345 470 528 83000.000000 57 345 470 754
405 441 531 128 754 218 628 531 80880.000000 405 128 754 531
542 842 414 627 703 455 831 670 84000.000000 414 455 831 842
1117 504 1183 175 1352 209 1286 538 57792.000000 1117 175 1352 538
1015 480 681 440 710 193 1044 233 83328.000000 681 193 1044 480
1043 626 963 314 1196 255 1276 567 77280.000000 963 255 1276 626
