298 829 320 589 665 620 643 860 83386.000000 298 589 665 860
90 590 173 364 491 481 408 707 81699.000000 90 364 491 707
249 280 441 124 646 377 454 533 80522.000000 249 124 646 533
507 688 770 482 924 679 661 885 83500.000000 507 482 924 885
459 368 779 248 864 473 544 593 82080.000000 459 248 864 593
799 762 810 437 1038 445 1027 770 74100.000000 799 437 1038 770
780 362 807 123 1137 161 1110 400 80012.000000 780 123 1137 400
1026 837 1043 603 1303 622 1286 856 61100.000000 1026 603 1303 856
1061 362 1159 152 1380 255 1282 465 56608.000000 1061 152 1380 465
1158 678 985 407 1161 295 1334 566 66768.000000 985 295 1334 678
