341 540 341 212 588 212 588 540 81016.000000 341 212 588 540
255 491 37 242 212 90 430 339 76792.000000 37 90 430 491
578 395 610 164 935 208 903 439 76752.000000 578 164 935 439
983 370 983 129 1284 129 1284 370 72541.000000 983 129 1284 370
-3 579 141 390 395 584 250 773 76160.000000 -3 390 395 773
430 816 344 601 645 481 731 696 75168.000000 344 481 731 816
761 715 654 496 940 356 1047 575 77836.000000 654 356 1047 715
1233 708 1044 429 1242 295 1431 574 80543.000000 1044 295 1431 708
1225 873 966 649 1114 476 1373 700 77976.000000 966 476 1373 873
849 848 860 619 1188 635 1177 864 75112.000000 849 619 1188 864
