424 362 424 118 763 118 763 362 82716.000000 424 118 763 362
115 542 115 202 371 202 371 542 87040.000000 115 202 371 542
175 832 175 561 506 561 506 832 89701.000000 175 561 506 832
520 796 542 541 871 569 849 824 84480.000000 520 541 871 824
578 604 615 283 861 311 824 632 80028.000000 578 283 861 632
845 742 916 407 1150 457 1079 792 81738.000000 845 407 1150 792
269 538 446 286 658 435 481 687 79513.000000 269 286 658 687
966 523 753 258 939 108 1152 373 81260.000000 753 108 1152 523
987 349 1046 113 1344 188 1285 424 74908.000000 987 113 1344 424
1104 710 1151 371 1337 397 1290 736 64296.000000 1104 371 1337 736
