369 362 386 113 704 135 687 384 79750.000000 369 113 704 384
116 534 143 196 389 215 362 553 83733.000000 116 196 389 553
161 813 173 561 522 578 510 830 88550.000000 161 561 522 830
724 381 744 142 1079 170 1059 409 80640.000000 724 142 1079 409
985 345 1045 115 1346 194 1286 424 73944.000000 985 115 1346 424
510 773 570 531 881 608 821 850 80000.000000 510 531 881 850
740 739 888 449 1105 560 957 850 79300.000000 740 449 1105 850
1104 704 1155 371 1329 397 1278 730 59312.000000 1104 371 1329 730
684 669 568 408 779 314 895 575 65835.000000 568 314 895 669
270 526 466 275 653 421 457 672 75922.000000 270 275 653 672
