174 488 193 152 425 165 406 501 78288.000000 174 152 425 501
521 392 532 156 854 171 843 407 76314.000000 521 156 854 407
790 315 932 130 1195 332 1053 517 77688.000000 790 130 1195 517
612 702 446 524 689 297 855 475 80676.000000 446 297 855 702
89 669 191 455 478 592 376 806 75684.000000 89 455 478 806
1070 405 1089 177 1295 194 1276 422 47403.000000 1070 177 1295 422
347 844 369 601 694 631 672 874 79544.000000 347 601 694 874
586 790 603 552 929 575 912 813 77826.000000 586 552 929 813
984 840 880 626 1171 485 1275 699 77112.000000 880 485 1275 840
1084 732 1167 525 1353 599 1270 806 44600.000000 1084 525 1353 806
