37 456 82 125 312 157 267 488 77488.000000 37 125 312 488
336 484 296 156 535 127 575 455 79440.000000 296 127 575 484
411 443 471 212 796 296 736 527 79968.000000 411 212 796 527
603 475 561 145 802 114 844 444 80919.000000 561 114 844 475
855 471 869 143 1104 154 1090 482 77080.000000 855 143 1104 482
11 840 0 512 236 505 247 833 77408.000000 0 505 247 840
220 755 233 518 573 536 560 773 80580.000000 220 518 573 773
327 853 322 520 568 516 573 849 81918.000000 322 516 573 853
644 862 620 530 859 513 883 845 79920.000000 620 513 883 862
827 724 793 488 1116 441 1150 677 77826.000000 793 441 1150 724
889 853 867 617 1110 594 1132 830 57828.000000 867 594 1132 853
