970 847 948 613 1275 582 1297 816 77080.000000 948 582 1297 847
128 786 89 539 421 487 460 734 84000.000000 89 487 460 786
189 529 162 289 480 252 507 492 77120.000000 162 252 507 529
737 822 655 498 888 439 970 763 80160.000000 655 439 970 822
331 785 376 539 702 598 657 844 83000.000000 331 539 702 844
499 569 455 233 692 202 736 538 81021.000000 455 202 736 569
1167 490 1167 160 1281 160 1281 490 37620.000000 1167 160 1281 490
644 341 730 116 1041 236 955 461 80253.000000 644 116 1041 461
956 604 842 410 1129 243 1243 437 74700.000000 842 243 1243 604
1132 622 1132 463 1288 463 1288 622 24804.000000 1132 463 1288 622
