891 825 758 616 1042 436 1175 645 82992.000000 758 436 1175 825
209 756 289 520 614 631 534 867 85656.000000 209 520 614 867
402 436 389 193 733 175 746 418 83936.000000 389 175 746 436
678 281 838 109 1089 342 929 514 80605.000000 678 109 1089 514
990 765 1053 539 1345 620 1282 846 71205.000000 990 539 1345 846
1179 550 1016 259 1228 141 1391 432 80919.000000 1016 141 1391 550
143 420 91 180 416 109 468 349 81672.000000 91 109 468 420
591 543 365 668 208 382 434 257 84108.000000 208 257 591 668
150 847 -27 550 181 424 359 721 84424.000000 -27 424 359 847
910 480 1059 298 1227 437 1078 619 51230.000000 910 298 1227 619
547 710 525 479 866 447 888 678 79344.000000 525 447 888 710
