1022 420 1022 176 1302 176 1302 420 68320.000000 1022 176 1302 420
532 384 519 146 861 127 874 365 81634.000000 519 127 874 384
198 356 198 112 525 112 525 356 79788.000000 198 112 525 356
100 699 66 375 309 350 343 674 79300.000000 66 350 343 699
359 540 418 307 752 391 693 624 82560.000000 359 307 752 624
254 756 414 469 633 591 473 878 82000.000000 254 469 633 878
786 867 645 676 915 476 1056 667 79968.000000 645 476 1056 867
735 494 867 188 1082 281 950 587 78255.000000 735 188 1082 587
1034 812 1068 570 1315 605 1281 847 61000.000000 1034 570 1315 847
1017 665 1085 357 1298 404 1230 712 68888.000000 1017 357 1298 712
