1082 844 1082 601 1302 601 1302 844 53460.000000 1082 601 1302 844
153 867 121 524 356 502 388 845 81420.000000 121 502 388 867
407 344 430 106 756 137 733 375 78480.000000 407 106 756 375
323 573 323 323 642 323 642 573 79750.000000 323 323 642 573
59 382 228 92 436 213 267 503 80640.000000 59 92 436 503
696 867 630 638 959 544 1025 773 81396.000000 630 544 1025 867
1022 675 1062 349 1287 376 1247 702 74456.000000 1022 349 1287 702
599 591 649 261 890 298 840 628 81496.000000 599 261 890 628
530 850 245 672 373 469 658 647 80640.000000 245 469 658 850
985 553 733 327 892 150 1144 376 80682.000000 733 150 1144 553
