863 548 741 232 968 145 1090 461 82377.000000 741 145 1090 548
170 807 192 558 515 588 493 837 81000.000000 170 558 515 837
64 471 98 133 343 158 309 496 83640.000000 64 133 343 496
344 373 344 114 680 114 680 373 87024.000000 344 114 680 373
753 742 935 456 1124 577 942 863 75936.000000 753 456 1124 863
655 695 564 368 796 304 887 631 81600.000000 564 304 887 695
247 424 478 174 662 343 431 593 85000.000000 247 174 662 593
410 807 489 488 725 546 646 865 79704.000000 410 488 725 865
996 541 1116 208 1349 292 1229 625 87438.000000 996 208 1349 625
1098 713 1121 458 1301 474 1278 729 46080.000000 1098 458 1301 729
