181 833 204 591 538 624 515 866 81648.000000 181 591 538 866
628 876 477 568 703 457 854 765 86436.000000 477 457 854 876
1054 868 1054 621 1280 621 1280 868 55822.000000 1054 621 1280 868
1159 546 1159 212 1283 212 1283 546 41416.000000 1159 212 1283 546
352 343 429 110 739 212 662 445 80196.000000 352 110 739 445
177 539 52 334 346 156 471 361 82560.000000 52 156 471 539
236 633 323 302 559 364 472 695 83692.000000 236 302 559 695
767 572 608 265 822 155 981 462 83040.000000 608 155 981 572
773 670 997 426 1170 585 946 829 77550.000000 773 426 1170 829
1005 556 835 265 1048 141 1218 432 83239.000000 835 141 1218 556
