471 861 424 531 668 496 715 826 82251.000000 424 496 715 861
100 450 71 205 411 165 440 410 84132.000000 71 165 440 450
225 716 129 418 358 345 454 643 75120.000000 129 345 454 716
183 832 197 632 512 655 498 855 63516.000000 183 632 512 855
502 485 394 260 701 114 809 339 85000.000000 394 114 809 485
472 628 449 380 787 349 810 597 84411.000000 449 349 810 628
806 345 877 112 1199 210 1128 443 81891.000000 806 112 1199 443
896 737 986 514 1297 640 1207 863 80976.000000 896 514 1297 863
661 692 790 394 1022 495 893 793 82225.000000 661 394 1022 793
1115 562 1115 243 1283 243 1283 562 53592.000000 1115 243 1283 562
