395 502 169 261 338 103 564 344 76560.000000 169 103 564 502
477 444 543 114 778 161 712 491 80640.000000 477 114 778 491
655 648 604 419 920 349 971 578 76140.000000 604 349 971 648
1010 515 772 291 931 122 1169 346 75864.000000 772 122 1169 515
1045 473 1152 159 1360 230 1253 544 72820.000000 1045 159 1360 544
1199 841 1037 587 1242 456 1404 710 73143.000000 1037 456 1404 841
158 598 141 376 471 351 488 573 73813.000000 141 351 488 598
120 853 37 529 253 474 336 798 74482.000000 37 474 336 853
425 812 391 492 638 465 672 785 79856.000000 391 465 672 812
715 685 918 429 1100 574 897 830 75864.000000 715 429 1100 830
