959 880 959 634 1281 634 1281 880 79212.000000 959 634 1281 880
281 815 267 573 598 554 612 796 80676.000000 267 554 612 815
543 842 570 506 808 525 781 861 80206.000000 543 506 808 861
709 474 993 301 1122 511 838 684 81918.000000 709 301 1122 684
878 338 996 138 1289 311 1171 511 78880.000000 878 138 1289 511
1025 679 980 448 1278 390 1323 621 71205.000000 980 390 1323 679
1179 415 1179 192 1283 192 1283 415 23192.000000 1179 192 1283 415
496 380 576 140 891 245 811 485 83996.000000 496 140 891 485
131 357 216 128 528 244 443 473 81008.000000 131 128 528 473
212 770 2 651 171 353 381 472 82422.000000 2 353 381 770
