964 871 964 631 1280 631 1280 871 75840.000000 964 631 1280 871
509 885 450 642 776 562 835 805 84000.000000 450 562 835 885
1166 723 1003 445 1203 328 1366 606 74704.000000 1003 328 1366 723
1055 391 1121 160 1352 226 1286 457 57840.000000 1055 160 1352 457
196 657 397 384 595 530 394 803 83394.000000 196 384 595 803
734 751 845 436 1071 516 960 831 80160.000000 734 436 1071 831
198 761 20 586 253 350 431 525 82668.000000 20 350 431 761
184 358 225 115 549 169 508 412 81016.000000 184 115 549 412
616 628 472 314 693 213 837 527 83835.000000 472 213 837 628
728 379 767 135 1103 188 1064 432 83980.000000 728 135 1103 432
