30 432 229 175 421 325 222 582 79300.000000 30 175 421 582
389 378 587 120 776 265 578 523 77350.000000 389 120 776 523
759 565 646 247 872 166 985 484 80880.000000 646 166 985 565
853 418 992 121 1210 223 1071 520 78720.000000 853 121 1210 520
1158 624 1110 303 1337 269 1385 590 74750.000000 1110 269 1385 624
18 721 36 478 361 502 343 745 79544.000000 18 478 361 745
343 747 395 412 628 448 576 783 79665.000000 343 412 628 783
504 781 557 546 877 618 824 853 79048.000000 504 546 877 853
880 839 767 630 1055 474 1168 683 77499.000000 767 474 1168 839
1001 796 1045 562 1324 615 1280 849 67592.000000 1001 562 1324 849
