143 348 143 110 482 110 482 348 80682.000000 143 110 482 348
489 455 467 131 686 116 708 440 71280.000000 467 116 708 455
708 364 920 126 1099 285 887 523 76241.000000 708 126 1099 523
168 619 133 387 469 336 504 568 79900.000000 133 336 504 619
1072 542 1010 318 1275 245 1337 469 63800.000000 1010 245 1337 542
489 618 486 380 818 377 821 615 79016.000000 486 377 821 618
200 849 102 537 327 466 425 778 77408.000000 102 466 425 849
560 854 476 547 703 485 787 792 74730.000000 476 485 787 854
752 711 876 399 1091 484 967 796 77952.000000 752 399 1091 796
1068 865 1068 528 1276 528 1276 865 70096.000000 1068 528 1276 865
