85 378 91 143 418 151 412 386 76845.000000 85 143 418 386
399 509 433 192 672 218 638 535 76560.000000 399 192 672 535
700 355 720 115 1051 144 1031 384 80012.000000 700 115 1051 384
1087 480 1067 159 1282 145 1302 466 69552.000000 1067 145 1302 480
13 740 106 444 330 515 237 811 72850.000000 13 444 330 811
304 799 203 586 501 444 602 657 77550.000000 203 444 602 799
473 702 701 459 878 625 650 868 80919.000000 473 459 878 868
791 725 658 423 880 326 1013 628 80190.000000 658 326 1013 725
1168 671 1130 448 1299 420 1337 643 38646.000000 1130 420 1337 671
990 761 1060 534 1359 626 1289 853 74256.000000 990 534 1359 853
874 851 771 630 1069 492 1172 713 80032.000000 771 492 1172 851
