466 801 451 563 783 542 798 780 79254.000000 451 542 798 801
221 797 195 459 438 440 464 778 82716.000000 195 440 464 797
494 578 460 224 703 201 737 555 86620.000000 460 201 737 578
127 467 236 161 470 244 361 550 80600.000000 127 161 470 550
970 855 958 612 1281 596 1293 839 78489.000000 958 596 1293 855
608 341 687 111 1005 220 926 450 81648.000000 608 111 1005 450
899 434 1054 132 1264 239 1109 541 80004.000000 899 132 1264 541
1162 480 1141 156 1287 147 1308 471 47450.000000 1141 147 1308 480
931 795 696 558 872 384 1107 621 82832.000000 696 384 1107 795
1130 621 1130 437 1278 437 1278 621 27232.000000 1130 437 1278 621
