330 469 204 261 477 94 603 302 77760.000000 204 94 603 469
490 347 514 113 843 146 819 380 77785.000000 490 113 843 380
697 322 800 111 1090 253 987 464 75670.000000 697 111 1090 464
1114 485 1032 164 1245 110 1327 431 72820.000000 1032 110 1327 485
151 602 202 358 520 425 469 669 80676.000000 151 358 520 669
483 630 500 300 740 313 723 643 79200.000000 483 300 740 643
1290 743 1137 723 1179 402 1332 422 49742.000000 1137 402 1332 743
1022 689 857 407 1057 290 1222 572 75864.000000 857 290 1222 689
712 717 736 474 1071 508 1047 751 81984.000000 712 474 1071 751
189 844 189 609 521 609 521 844 78020.000000 189 609 521 844
451 620 643 479 828 731 636 872 74256.000000 451 479 828 872
