195 502 76 303 344 141 463 340 72616.000000 76 141 463 502
455 344 676 107 848 267 627 504 76464.000000 455 107 848 504
901 455 808 245 1098 116 1191 326 72822.000000 808 116 1191 455
1063 456 1160 143 1368 207 1271 520 71504.000000 1063 143 1368 520
164 800 61 486 285 413 388 727 77785.000000 61 413 388 800
416 839 350 513 591 464 657 790 81918.000000 350 464 657 839
739 805 713 481 940 462 966 786 73775.000000 713 462 966 805
1011 823 948 501 1182 456 1245 778 78064.000000 948 456 1245 823
697 708 452 499 598 329 843 538 72128.000000 452 329 843 708
1098 810 1136 581 1309 609 1271 838 40832.000000 1098 581 1309 838
