1080 846 1080 603 1279 603 1279 846 48357.000000 1080 603 1279 846
691 869 635 630 962 554 1018 793 82410.000000 635 554 1018 869
147 865 122 526 362 508 387 847 81940.000000 122 508 387 865
219 374 278 132 608 213 549 455 84411.000000 219 132 608 455
247 666 381 463 662 649 528 852 82228.000000 247 463 662 852
473 372 711 145 878 321 640 548 79704.000000 473 145 878 548
687 622 711 386 1046 419 1022 655 79632.000000 687 386 1046 655
783 302 948 126 1182 345 1017 521 77120.000000 783 126 1182 521
1002 369 1062 157 1341 236 1281 448 63800.000000 1002 157 1341 448
1010 650 1075 378 1289 429 1224 701 61600.000000 1010 378 1289 701
