127 396 117 153 448 139 458 382 81008.000000 117 139 458 396
450 443 378 214 699 114 771 343 80640.000000 378 114 771 443
743 327 846 113 1136 254 1033 468 76636.000000 743 113 1136 468
55 687 55 359 287 359 287 687 76096.000000 55 359 287 687
187 756 233 527 538 587 492 816 72774.000000 187 527 538 816
434 739 603 468 805 594 636 865 76241.000000 434 468 805 865
839 751 813 421 1064 402 1090 732 83412.000000 813 402 1090 751
783 681 542 455 696 292 937 518 74144.000000 542 292 937 681
1099 775 1047 539 1270 490 1322 726 54948.000000 1047 490 1322 775
1026 342 1116 141 1363 251 1273 452 59620.000000 1026 141 1363 452
