159 453 189 124 428 146 398 475 79440.000000 159 124 428 475
534 490 500 168 749 141 783 463 81324.000000 500 141 783 490
711 371 913 122 1102 276 900 525 78324.000000 711 122 1102 525
168 614 141 383 463 345 490 576 75168.000000 141 345 490 614
965 472 1020 244 1324 317 1269 545 73242.000000 965 244 1324 545
487 613 491 375 824 382 820 620 79254.000000 487 375 824 620
195 837 114 528 344 468 425 777 75922.000000 114 468 425 837
441 849 453 521 700 530 688 858 81344.000000 441 521 700 858
761 721 906 424 1122 530 977 827 79530.000000 761 424 1122 827
973 720 1056 499 1356 611 1273 832 75200.000000 973 499 1356 832
