366 499 173 231 357 98 550 366 74910.000000 173 98 550 499
526 341 593 119 911 214 844 436 77024.000000 526 119 911 436
888 392 909 159 1227 187 1206 420 74880.000000 888 159 1227 420
83 744 73 420 316 413 326 737 78732.000000 73 413 326 744
476 824 282 565 475 421 669 680 78084.000000 282 421 669 824
733 804 713 475 944 461 964 790 76230.000000 713 461 964 804
485 599 629 305 848 412 704 706 80032.000000 485 305 848 706
917 662 1012 450 1310 583 1215 795 75632.000000 917 450 1310 795
1086 804 1131 586 1323 625 1278 843 43512.000000 1086 586 1323 843
1116 516 1047 292 1273 223 1342 447 55224.000000 1047 223 1342 516
