449 562 273 289 472 161 648 434 76700.000000 273 161 648 562
720 547 574 250 775 152 921 449 74144.000000 574 152 921 547
67 412 173 104 398 181 292 489 77350.000000 67 104 398 489
1094 455 1109 128 1289 136 1274 463 59040.000000 1094 128 1289 463
756 321 1026 164 1145 368 875 525 73632.000000 756 164 1145 525
48 748 16 426 247 403 279 725 75168.000000 16 403 279 748
388 833 254 528 463 436 597 741 76152.000000 254 436 597 833
539 756 499 534 814 477 854 699 72320.000000 499 477 854 756
790 664 914 465 1181 631 1057 830 74025.000000 790 465 1181 830
1166 758 1139 468 1279 455 1306 745 41031.000000 1139 455 1306 758
